[gd_scene load_steps=20 format=2]

[ext_resource path="res://assets/models/weapons/dummy_gun/dummy_gun.tscn" type="PackedScene" id=1]
[ext_resource path="res://assets/entities/NPC/models/security_01/security_model.glb" type="PackedScene" id=2]
[ext_resource path="res://assets/entities/NPC/models/animation/human_animator.tres" type="AnimationNodeBlendTree" id=3]

[sub_resource type="CapsuleShape" id=17]
radius = 15.0

[sub_resource type="CapsuleShape" id=18]
radius = 14.0
height = 5.0

[sub_resource type="CapsuleShape" id=3]
radius = 2.0
height = 2.0

[sub_resource type="CapsuleShape" id=4]
radius = 8.0
height = 10.0

[sub_resource type="CapsuleShape" id=5]
radius = 5.0
height = 18.5442

[sub_resource type="CapsuleShape" id=6]
radius = 4.0
height = 20.2167

[sub_resource type="CapsuleShape" id=7]
radius = 3.0
height = 3.79539

[sub_resource type="CapsuleShape" id=8]
radius = 5.0
height = 18.5443

[sub_resource type="CapsuleShape" id=9]
radius = 4.0
height = 20.217

[sub_resource type="CapsuleShape" id=10]
radius = 3.0
height = 3.72867

[sub_resource type="CapsuleShape" id=11]
radius = 8.0
height = 32.1153

[sub_resource type="CapsuleShape" id=12]
radius = 7.0
height = 29.4101

[sub_resource type="CapsuleShape" id=13]
radius = 4.0
height = 13.5131

[sub_resource type="CapsuleShape" id=14]
radius = 8.0
height = 32.1162

[sub_resource type="CapsuleShape" id=15]
radius = 7.0
height = 29.407

[sub_resource type="CapsuleShape" id=16]
radius = 4.0
height = 13.9554

[node name="security_model" instance=ExtResource( 2 )]

[node name="Armature" parent="." index="0"]
transform = Transform( 0.013, 0, 0, 0, -5.68248e-10, -0.013, 0, 0.013, -5.68248e-10, 0, 0, 0 )

[node name="Skeleton" parent="Armature" index="0"]
bones/34/bound_children = [ NodePath("BoneAttachment") ]

[node name="Hips" type="PhysicalBone" parent="Armature/Skeleton" index="0"]
transform = Transform( 0.219594, 0.0687459, -0.973166, 0.96708, 0.116155, 0.226425, 0.128604, -0.99085, -0.0409759, 0.226248, 4.32221, -92.6238 )
collision_layer = 32
collision_mask = 41
joint_type = 1
joint_offset = Transform( 1, 0, 0, 0, 1, 0, 0, 0, 1, -0.580446, -5.53706, -0.00806245 )
body_offset = Transform( 0.590352, 0.112442, -0.799276, -0.101127, 0.992751, 0.0649671, 0.800789, 0.0424749, 0.597441, 0.958822, 5.43875, 0.704818 )
mass = 10.0
weight = 98.0
bounce = 0.25
bone_name = "mixamorig_Hips"
joint_constraints/bias = 0.3
joint_constraints/damping = 1.0
joint_constraints/impulse_clamp = 0.0

[node name="CollisionShape" type="CollisionShape" parent="Armature/Skeleton/Hips" index="0"]
transform = Transform( 1, 0, -1.11759e-08, 3.72529e-09, 3.72529e-09, 1, 2.98023e-08, -1, 0, 0, 0, 0 )
shape = SubResource( 17 )

[node name="Spine2" type="PhysicalBone" parent="Armature/Skeleton" index="1"]
transform = Transform( 0.551692, -0.27567, 0.787174, -0.811256, 0.0417677, 0.583197, -0.193649, -0.960344, -0.200597, -1.87646, 2.46378, -129.05 )
collision_layer = 32
collision_mask = 41
joint_type = 3
joint_offset = Transform( 1, 0, 0, 0, 1, 0, 0, 0, 1, -0.227947, -4.19122, -0.377477 )
body_offset = Transform( -0.0152161, -0.110186, 0.993795, 0.0998726, 0.988771, 0.111159, -0.994884, 0.100944, -0.00404143, -0.090148, 4.20889, 0.194773 )
mass = 10.0
weight = 98.0
bounce = 0.25
bone_name = "mixamorig_Spine2"
joint_constraints/angular_limit_enabled = true
joint_constraints/angular_limit_upper = 45.0
joint_constraints/angular_limit_lower = -45.0
joint_constraints/angular_limit_bias = 0.3
joint_constraints/angular_limit_softness = 0.9
joint_constraints/angular_limit_relaxation = 1.0

[node name="CollisionShape" type="CollisionShape" parent="Armature/Skeleton/Spine2" index="0"]
transform = Transform( 1, 2.98023e-08, 1.11759e-08, 1.11759e-08, -7.45058e-09, 1, 1.49012e-07, -1, 1.11759e-08, -2.38419e-07, -1.37731, 0 )
shape = SubResource( 18 )

[node name="Neck" type="PhysicalBone" parent="Armature/Skeleton" index="2"]
transform = Transform( 0.88464, -0.399474, -0.240478, 0.459818, 0.661895, 0.591998, -0.0773161, -0.634281, 0.769225, -5.31174, 5.6145, -144.126 )
collision_layer = 32
collision_mask = 41
joint_type = 2
joint_offset = Transform( 1, 0, 0, 0, 1, 0, 0, 0, 1, 0.221916, -4.80091, 0.203942 )
body_offset = Transform( 0.999875, 0.00139499, 0.0156925, 0.00612292, 0.883352, -0.468666, -0.0145147, 0.468703, 0.883235, -0.218391, 4.33511, 2.07329 )
mass = 10.0
weight = 98.0
bounce = 0.25
bone_name = "mixamorig_Neck"
joint_constraints/swing_span = 35.0
joint_constraints/twist_span = 180.0
joint_constraints/bias = 0.3
joint_constraints/softness = 0.8
joint_constraints/relaxation = 1.0

[node name="CollisionShape" type="CollisionShape" parent="Armature/Skeleton/Neck" index="0"]
transform = Transform( 1, 0, 0, 0, 0, 1, 0, -1, 0, 0, 0, 0 )
shape = SubResource( 3 )

[node name="Head" type="PhysicalBone" parent="Armature/Skeleton" index="3"]
transform = Transform( 0.924589, -0.372009, 0.0820888, 0.195588, 0.648453, 0.735695, -0.326917, -0.664163, 0.672312, -10.8174, 15.0584, -154.111 )
collision_layer = 32
collision_mask = 41
joint_type = 2
joint_offset = Transform( 1, 0, 0, 0, 1, 0, 0, 0, 1, 0.197778, -12.1916, 0.110422 )
body_offset = Transform( 0.999967, -0.00349961, 0.00694105, 0.00612627, 0.90441, -0.426612, -0.0047832, 0.426643, 0.904402, -0.241203, 11.0721, 5.10254 )
mass = 10.0
weight = 98.0
bounce = 0.25
bone_name = "mixamorig_Head"
joint_constraints/swing_span = 30.0
joint_constraints/twist_span = 180.0
joint_constraints/bias = 0.3
joint_constraints/softness = 0.8
joint_constraints/relaxation = 1.0

[node name="CollisionShape" type="CollisionShape" parent="Armature/Skeleton/Head" index="0"]
transform = Transform( 1, 4.67315e-11, -1.08228e-10, 1.16883e-10, -0.5, 0.866025, -3.45238e-13, -0.866025, -0.5, 0, -2.17654, -0.681229 )
shape = SubResource( 4 )

[node name="LeftArm" type="PhysicalBone" parent="Armature/Skeleton" index="4"]
transform = Transform( -0.772364, -0.0351822, 0.634367, -0.304535, -0.855686, -0.418283, 0.557578, -0.516087, 0.650277, 15.1089, 21.7127, -129.311 )
collision_layer = 32
collision_mask = 41
joint_type = 3
joint_offset = Transform( 1, 0, 0, 0, 1, 0, 0, 0, 1, -0.240111, 11.3, -0.184587 )
body_offset = Transform( 0.0134321, -0.0015882, 1.00003, 0.0262524, -0.999545, -0.0019415, 0.999656, 0.0262715, -0.0133871, 0.205765, 11.3008, -0.0593109 )
mass = 10.0
weight = 98.0
bounce = 0.25
bone_name = "mixamorig_LeftArm"
joint_constraints/angular_limit_enabled = true
joint_constraints/angular_limit_upper = 50.0
joint_constraints/angular_limit_lower = -50.0
joint_constraints/angular_limit_bias = 0.3
joint_constraints/angular_limit_softness = 0.9
joint_constraints/angular_limit_relaxation = 1.0

[node name="CollisionShape" type="CollisionShape" parent="Armature/Skeleton/LeftArm" index="0"]
transform = Transform( 1, 0, 0, 0, 0, 1, 0, -1, 0, 0, 0, 0 )
shape = SubResource( 5 )

[node name="LeftForeArm" type="PhysicalBone" parent="Armature/Skeleton" index="5"]
transform = Transform( 0.219361, -0.754595, -0.618437, 0.850007, 0.458974, -0.258522, 0.478923, -0.468966, 0.742093, 6.47207, 36.8467, -129.026 )
collision_layer = 32
collision_mask = 41
joint_type = 3
joint_offset = Transform( 1, 0, 0, 0, 1, 0, 0, 0, 1, 0.476829, -11.5648, 0.334529 )
body_offset = Transform( 0.999504, 0.0178152, 0.0259224, -0.0175784, 0.999803, -0.00921635, -0.0260834, 0.00875475, 0.999622, -0.279236, 11.574, -0.220718 )
mass = 10.0
weight = 98.0
bounce = 0.25
bone_name = "mixamorig_LeftForeArm"
joint_constraints/angular_limit_enabled = true
joint_constraints/angular_limit_upper = 0.0
joint_constraints/angular_limit_lower = -150.0
joint_constraints/angular_limit_bias = 0.3
joint_constraints/angular_limit_softness = 0.9
joint_constraints/angular_limit_relaxation = 1.0

[node name="CollisionShape" type="CollisionShape" parent="Armature/Skeleton/LeftForeArm" index="0"]
transform = Transform( 1, 0, 0, 0, 0, 1, 0, -1, 0, 0, 0, 0 )
shape = SubResource( 6 )

[node name="LeftHand" type="PhysicalBone" parent="Armature/Skeleton" index="6"]
transform = Transform( 0.0125816, -0.526968, -0.84979, 0.17168, 0.838374, -0.517349, 0.985068, -0.139381, 0.101018, -4.5036, 45.029, -136.643 )
collision_layer = 32
collision_mask = 41
joint_type = 2
joint_offset = Transform( 1, 0, 0, 0, 1, 0, 0, 0, 1, 0.945463, -2.0715, 0.614829 )
body_offset = Transform( 0.999731, -0.0214952, 0.00825573, 0.0214312, 0.999736, 0.00799412, -0.00842561, -0.00781438, 0.999933, -0.994812, 2.04578, -0.623009 )
mass = 10.0
weight = 98.0
bounce = 0.25
bone_name = "mixamorig_LeftHand"
joint_constraints/swing_span = 30.0
joint_constraints/twist_span = 180.0
joint_constraints/bias = 0.3
joint_constraints/softness = 0.8
joint_constraints/relaxation = 1.0

[node name="CollisionShape" type="CollisionShape" parent="Armature/Skeleton/LeftHand" index="0"]
transform = Transform( 0.999999, -1.49012e-08, -4.47035e-08, 7.45058e-09, -5.3551e-09, 0.999999, 0, -0.999999, -3.25963e-09, 0.166955, 1.7093, 1.68008 )
shape = SubResource( 7 )

[node name="RightArm" type="PhysicalBone" parent="Armature/Skeleton" index="7"]
transform = Transform( 0.876354, 0.0427797, -0.479763, -0.162873, 0.963695, -0.211577, 0.453295, 0.263557, 0.851506, -19.5221, 2.19597, -131.217 )
collision_layer = 32
collision_mask = 41
joint_type = 3
joint_offset = Transform( 1, 0, 0, 0, 1, 0, 0, 0, 1, -0.225944, -11.827, -0.604491 )
body_offset = Transform( -0.00358031, 0.0272336, -0.999623, -0.00519851, 0.999615, 0.0272522, 0.99998, 0.00529356, -0.00343724, -0.282982, 11.8377, 0.286469 )
mass = 10.0
weight = 98.0
bounce = 0.25
bone_name = "mixamorig_RightArm"
joint_constraints/angular_limit_enabled = true
joint_constraints/angular_limit_upper = 50.0
joint_constraints/angular_limit_lower = -50.0
joint_constraints/angular_limit_bias = 0.3
joint_constraints/angular_limit_softness = 0.9
joint_constraints/angular_limit_relaxation = 1.0

[node name="CollisionShape" type="CollisionShape" parent="Armature/Skeleton/RightArm" index="0"]
transform = Transform( 1, 0, 0, 0, 0, 1, 0, -1, 0, 0, 0, 0 )
shape = SubResource( 8 )

[node name="RightForeArm" type="PhysicalBone" parent="Armature/Skeleton" index="8"]
transform = Transform( 0.481582, 0.241694, 0.842415, -0.32487, 0.941972, -0.0845422, -0.813964, -0.232962, 0.532157, -16.247, 24.4754, -130.82 )
collision_layer = 32
collision_mask = 41
joint_type = 3
joint_offset = Transform( 1, 0, 0, 0, 1, 0, 0, 0, 1, 0.172132, -11.9643, -0.353469 )
body_offset = Transform( 0.999999, -0.000974655, 0.000843337, 0.00097689, 0.999996, -0.00248247, -0.000840666, 0.00248206, 0.999997, -0.183495, 11.9632, 0.383308 )
mass = 10.0
weight = 98.0
bounce = 0.25
bone_name = "mixamorig_RightForeArm"
joint_constraints/angular_limit_enabled = true
joint_constraints/angular_limit_upper = 150.0
joint_constraints/angular_limit_lower = 0.0
joint_constraints/angular_limit_bias = 0.3
joint_constraints/angular_limit_softness = 0.9
joint_constraints/angular_limit_relaxation = 1.0

[node name="CollisionShape" type="CollisionShape" parent="Armature/Skeleton/RightForeArm" index="0"]
transform = Transform( 1, 0, 0, 0, 0, 1, 0, -1, 0, 0, 0, 0 )
shape = SubResource( 9 )

[node name="RightHand" type="PhysicalBone" parent="Armature/Skeleton" index="9"]
transform = Transform( -0.105658, 0.0552177, 0.992875, -0.17906, 0.981087, -0.0736172, -0.978152, -0.185561, -0.0937712, -13.2545, 39.9854, -135.055 )
collision_layer = 32
collision_mask = 41
joint_type = 2
joint_offset = Transform( 1, 0, 0, 0, 1, 0, 0, 0, 1, -0.195175, -3.08877, 0.118854 )
body_offset = Transform( 0.994775, 0.0885591, -0.0508673, -0.0919157, 0.993452, -0.067956, 0.0445153, 0.0722764, 0.996397, 0.47374, 3.05869, 0.113508 )
mass = 10.0
weight = 98.0
bounce = 0.25
bone_name = "mixamorig_RightHand"
joint_constraints/swing_span = 30.0
joint_constraints/twist_span = 180.0
joint_constraints/bias = 0.3
joint_constraints/softness = 0.8
joint_constraints/relaxation = 1.0

[node name="CollisionShape" type="CollisionShape" parent="Armature/Skeleton/RightHand" index="0"]
transform = Transform( 1, 3.72529e-09, 2.23517e-08, -2.23517e-08, 0, 1, 3.72529e-09, -1, -2.32831e-10, 0.147789, 1.39928, -0.0173035 )
shape = SubResource( 10 )

[node name="LeftUpLeg" type="PhysicalBone" parent="Armature/Skeleton" index="10"]
transform = Transform( -0.954348, 0.0534326, -0.293864, -0.215026, 0.559961, 0.800124, 0.207307, 0.826788, -0.52291, 9.46893, 15.4081, -65.1601 )
collision_layer = 32
collision_mask = 41
joint_type = 3
joint_offset = Transform( 1, 0, 0, 0, 1, 0, 0, 0, 1, 0.0620436, -18.766, 1.21652 )
body_offset = Transform( 0.999989, 0.0010308, -0.0042984, -0.00103008, 0.999996, 0.000273556, 0.00429682, -0.000268817, 0.999987, -0.0374699, 18.7657, -1.22181 )
mass = 10.0
weight = 98.0
bounce = 0.25
bone_name = "mixamorig_LeftUpLeg"
joint_constraints/angular_limit_enabled = false
joint_constraints/angular_limit_upper = 90.0
joint_constraints/angular_limit_lower = -90.0
joint_constraints/angular_limit_bias = 0.3
joint_constraints/angular_limit_softness = 0.9
joint_constraints/angular_limit_relaxation = 1.0

[node name="CollisionShape" type="CollisionShape" parent="Armature/Skeleton/LeftUpLeg" index="0"]
transform = Transform( 1, 0, 0, 0, 0, 1, 0, -1, 0, 0, 0, 0 )
shape = SubResource( 11 )

[node name="LeftLeg" type="PhysicalBone" parent="Armature/Skeleton" index="11"]
transform = Transform( -0.10763, -0.324361, -0.939794, 0.863344, 0.438265, -0.250139, 0.493013, -0.838284, 0.232862, 15.6665, 19.9311, -33.0562 )
collision_layer = 32
collision_mask = 41
joint_type = 3
joint_offset = Transform( 1, 0, 0, 0, 1, 0, 0, 0, 1, 0.431456, 18.0855, -0.507465 )
body_offset = Transform( -0.00604938, 0.0600692, 0.998182, -0.0746863, -0.995438, 0.0594507, 0.997195, -0.0741914, 0.0105067, -0.57723, 18.0654, 0.916876 )
mass = 10.0
weight = 98.0
bounce = 0.25
bone_name = "mixamorig_LeftLeg"
joint_constraints/angular_limit_enabled = true
joint_constraints/angular_limit_upper = 0.0
joint_constraints/angular_limit_lower = -90.0
joint_constraints/angular_limit_bias = 0.3
joint_constraints/angular_limit_softness = 0.9
joint_constraints/angular_limit_relaxation = 1.0

[node name="CollisionShape" type="CollisionShape" parent="Armature/Skeleton/LeftLeg" index="0"]
transform = Transform( 1, 0, 0, 0, 0, 1, 0, -1, 0, 0, 0, 0 )
shape = SubResource( 12 )

[node name="LeftFoot" type="PhysicalBone" parent="Armature/Skeleton" index="12"]
transform = Transform( 0.0938981, -0.043024, -0.994648, -0.811664, 0.575227, -0.101506, 0.576515, 0.816855, 0.019091, 19.4397, 16.5223, -9.62172 )
collision_layer = 32
collision_mask = 41
joint_type = 3
joint_offset = Transform( 1, 0, 0, 0, 1, 0, 0, 0, 1, 0.866718, -11.2162, -0.340306 )
body_offset = Transform( -7.20397e-05, -0.000649113, 0.999999, -0.0001899, 0.999996, 0.000648756, -0.999994, -0.000188291, -7.17863e-05, 0.333088, 11.2165, 0.864576 )
mass = 10.0
weight = 98.0
bounce = 0.25
bone_name = "mixamorig_LeftFoot"
joint_constraints/angular_limit_enabled = true
joint_constraints/angular_limit_upper = 20.0
joint_constraints/angular_limit_lower = -70.0
joint_constraints/angular_limit_bias = 0.3
joint_constraints/angular_limit_softness = 0.9
joint_constraints/angular_limit_relaxation = 1.0

[node name="CollisionShape" type="CollisionShape" parent="Armature/Skeleton/LeftFoot" index="0"]
transform = Transform( 1, 0, 0, 0, 0, 1, 0, -1, 0, 0, 0, 0 )
shape = SubResource( 13 )

[node name="RightUpLeg" type="PhysicalBone" parent="Armature/Skeleton" index="13"]
transform = Transform( -0.903445, -0.234419, -0.358956, -0.425745, 0.392045, 0.815506, -0.0504431, 0.889578, -0.453992, -11.4033, 5.54426, -64.1581 )
collision_layer = 32
collision_mask = 41
joint_type = 3
joint_offset = Transform( 1, 0, 0, 0, 1, 0, 0, 0, 1, 0.535026, -18.5691, 1.19125 )
body_offset = Transform( 0.999993, 0.00341773, 0.000980914, -0.0034159, 0.999991, -0.00178638, -0.000986248, 0.00178376, 0.999998, -0.472727, 18.5729, -1.1576 )
mass = 10.0
weight = 98.0
bounce = 0.25
bone_name = "mixamorig_RightUpLeg"
joint_constraints/angular_limit_enabled = false
joint_constraints/angular_limit_upper = 90.0
joint_constraints/angular_limit_lower = -90.0
joint_constraints/angular_limit_bias = 0.3
joint_constraints/angular_limit_softness = 0.9
joint_constraints/angular_limit_relaxation = 1.0

[node name="CollisionShape" type="CollisionShape" parent="Armature/Skeleton/RightUpLeg" index="0"]
transform = Transform( 1, 0, 0, 0, 0, 1, 0, -1, 0, 0, 0, 0 )
shape = SubResource( 14 )

[node name="RightLeg" type="PhysicalBone" parent="Armature/Skeleton" index="14"]
transform = Transform( 0.509652, 0.0732728, -0.857264, -0.809504, -0.296744, -0.50662, -0.291506, 0.952146, -0.0919189, -16.511, 8.90441, -28.403 )
collision_layer = 32
collision_mask = 41
joint_type = 3
joint_offset = Transform( 1, 0, 0, 0, 1, 0, 0, 0, 1, -0.109949, -18.0578, -0.778937 )
body_offset = Transform( -0.00176796, -0.0236901, 0.999716, 0.0620739, 0.99779, 0.0237556, -0.998076, 0.0620971, -0.000293791, 0.350731, 18.0432, 1.01137 )
mass = 10.0
weight = 98.0
bounce = 0.25
bone_name = "mixamorig_RightLeg"
joint_constraints/angular_limit_enabled = true
joint_constraints/angular_limit_upper = 0.0
joint_constraints/angular_limit_lower = -90.0
joint_constraints/angular_limit_bias = 0.3
joint_constraints/angular_limit_softness = 0.9
joint_constraints/angular_limit_relaxation = 1.0

[node name="CollisionShape" type="CollisionShape" parent="Armature/Skeleton/RightLeg" index="0"]
transform = Transform( 1, 0, 0, 0, 0, 1, 0, -1, 0, 0, 0, 0 )
shape = SubResource( 15 )

[node name="RightFoot" type="PhysicalBone" parent="Armature/Skeleton" index="15"]
transform = Transform( -0.27228, -0.485815, 0.830573, 0.494044, 0.670141, 0.553932, -0.825719, 0.56116, 0.0575478, -19.4899, 9.60245, -5.18859 )
collision_layer = 32
collision_mask = 41
joint_type = 3
joint_offset = Transform( 1, 0, 0, 0, 1, 0, 0, 0, 1, -0.369092, -11.4275, -0.340668 )
body_offset = Transform( -0.00269878, 0.0012455, -0.999989, 0.00363159, 0.999993, 0.0012382, 1, -0.00363395, -0.00270334, -0.327427, 11.4292, 0.326644 )
mass = 10.0
weight = 98.0
bounce = 0.25
bone_name = "mixamorig_RightFoot"
joint_constraints/angular_limit_enabled = true
joint_constraints/angular_limit_upper = 20.0
joint_constraints/angular_limit_lower = -70.0
joint_constraints/angular_limit_bias = 0.3
joint_constraints/angular_limit_softness = 0.9
joint_constraints/angular_limit_relaxation = 1.0

[node name="CollisionShape" type="CollisionShape" parent="Armature/Skeleton/RightFoot" index="0"]
transform = Transform( 1, 0, 0, 0, 0, 1, 0, -1, 0, 0, 0, 0 )
shape = SubResource( 16 )

[node name="BoneAttachment" type="BoneAttachment" parent="Armature/Skeleton" index="16"]
transform = Transform( -0.011272, -0.0900435, 0.995874, 0.035861, 0.99526, 0.090395, -0.999293, 0.0367323, -0.00798956, -6.03534, 38.5759, -138.515 )
bone_name = "mixamorig_RightHand"

[node name="dummy_gun" parent="Armature/Skeleton/BoneAttachment" index="0" instance=ExtResource( 1 )]
transform = Transform( -0.0979788, 6.99074, 0.346365, 6.93369, 0.0496188, 0.959916, 0.956191, 0.35652, -6.92521, 2.39175, 8.17378, 2.0297 )

[node name="Ch18" parent="Armature/Skeleton" index="17"]
transform = Transform( 1, 0, 0, 0, 1, 7.10543e-15, 0, -7.10543e-15, 1, 0, 0, 0 )

[node name="AnimationPlayer" parent="." index="1"]
autoplay = "pistol_run_forward-loop"
reset_on_save = false

[node name="AnimationTree" type="AnimationTree" parent="." index="2"]
tree_root = ExtResource( 3 )
anim_player = NodePath("../AnimationPlayer")
active = true
parameters/TimeScale/scale = 1.0
parameters/movement_dir/blend_position = Vector2( 0, 0 )
