[gd_scene load_steps=11 format=2]

[ext_resource path="res://assets/models/weapons/dummy_gun/dummy_gun.tscn" type="PackedScene" id=1]
[ext_resource path="res://assets/entities/NPC/models/security_01/security_model.glb" type="PackedScene" id=2]
[ext_resource path="res://assets/entities/NPC/base/functions/BulletDamageCalculator.gd" type="Script" id=3]
[ext_resource path="res://assets/entities/NPC/models/animation/HumanMovementAnimator.gd" type="Script" id=4]
[ext_resource path="res://assets/entities/NPC/models/animation/human_animator.tres" type="AnimationNodeBlendTree" id=5]

[sub_resource type="BoxShape" id=1]
extents = Vector3( 10, 14, 10 )

[sub_resource type="BoxShape" id=2]
extents = Vector3( 15, 12, 14 )

[sub_resource type="BoxShape" id=3]
extents = Vector3( 15, 12, 14 )

[sub_resource type="BoxShape" id=4]
extents = Vector3( 8, 20, 8 )

[sub_resource type="BoxShape" id=5]
extents = Vector3( 6, 16, 6 )

[node name="security_model" instance=ExtResource( 2 )]

[node name="Armature" parent="." index="0"]
transform = Transform( 0.013, 0, 0, 0, -5.68248e-10, -0.013, 0, 0.013, -5.68248e-10, 0, 0, 0 )

[node name="BoneAttachment_gun" type="BoneAttachment" parent="Armature/Skeleton" index="1"]
transform = Transform( 0.0202755, 0.43486, 0.900269, -0.387765, 0.833392, -0.393823, -0.921535, -0.341108, 0.185521, -6.32428, 44.8033, -139.743 )
bone_name = "mixamorig_RightHandThumb1"

[node name="dummy_gun" parent="Armature/Skeleton/BoneAttachment_gun" index="0" instance=ExtResource( 1 )]
transform = Transform( -2.84188, 6.3959, -0.127179, 5.7729, 2.50408, -3.06646, -2.75633, -1.34981, -6.29132, -1.90887, 4.15932, -1.32866 )

[node name="col_head" type="BoneAttachment" parent="Armature/Skeleton" index="2"]
transform = Transform( 0.939942, -0.323102, -0.110069, 0.218485, 0.321755, 0.92127, -0.262249, -0.889988, 0.373024, 1.20055, 12.8598, -146.977 )
bone_name = "mixamorig_Head"

[node name="col_head" type="RigidBody" parent="Armature/Skeleton/col_head" index="0"]
transform = Transform( 1, 2.40771e-17, -2.77556e-17, 2.89346e-17, 1, -2.84217e-14, -2.77556e-17, 9.9476e-14, 1, 4.65661e-10, 7.66451, 3.63927 )
collision_layer = 16
collision_mask = 8
mode = 3
mass = 0.00102041
contacts_reported = 2
contact_monitor = true

[node name="CollisionShape" type="CollisionShape" parent="Armature/Skeleton/col_head/col_head" index="0"]
transform = Transform( 1, -8.39332e-18, 2.77556e-17, -7.58938e-19, 1, 0, -4.16334e-17, -2.84217e-14, 1, 0, 0, 0 )
shape = SubResource( 1 )

[node name="col_spine2" type="BoneAttachment" parent="Armature/Skeleton" index="3"]
transform = Transform( 0.797051, -0.0506948, -0.601781, 0.602789, 0.127548, 0.78764, 0.0368268, -0.990536, 0.132221, 4.56231, 5.72739, -126.173 )
bone_name = "mixamorig_Spine2"

[node name="col_spine2" type="RigidBody" parent="Armature/Skeleton/col_spine2" index="0"]
transform = Transform( 1, 3.46945e-17, -1.38778e-17, 1.21431e-17, 0.996193, -0.0871557, 8.32667e-17, 0.0871557, 0.996194, 0, 2, 2.18 )
collision_layer = 16
collision_mask = 8
mode = 3
mass = 0.00102041
contacts_reported = 2
contact_monitor = true

[node name="CollisionShape" type="CollisionShape" parent="Armature/Skeleton/col_spine2/col_spine2" index="0"]
transform = Transform( 1, 1.42109e-14, 1.38829e-17, -1.38778e-17, -4.37115e-08, 1, -1.42109e-14, -1, -4.37114e-08, 0, 0, 0 )
shape = SubResource( 2 )

[node name="col_spine" type="BoneAttachment" parent="Armature/Skeleton" index="4"]
transform = Transform( 0.815125, 0.0133183, -0.579132, 0.576859, 0.0727424, 0.813598, 0.0529632, -0.997262, 0.0516114, 4.40312, 3.19915, -99.3354 )
bone_name = "mixamorig_Spine"

[node name="col_spine" type="RigidBody" parent="Armature/Skeleton/col_spine" index="0"]
transform = Transform( 1, 1.86483e-17, 1.38778e-17, 1.38778e-17, 0.996194, -0.0871557, 9.71445e-17, 0.0871557, 0.996194, 0, -0.0416107, 0.409283 )
collision_layer = 16
collision_mask = 8
mode = 3
mass = 0.00102041
contacts_reported = 2
contact_monitor = true

[node name="CollisionShape" type="CollisionShape" parent="Armature/Skeleton/col_spine/col_spine" index="0"]
transform = Transform( 1, 1.42109e-14, 1.38829e-17, -1.38778e-17, -4.37115e-08, 1, -1.42109e-14, -1, -4.37114e-08, 0, 0, 0 )
shape = SubResource( 3 )

[node name="col_rightupleg" type="BoneAttachment" parent="Armature/Skeleton" index="5"]
transform = Transform( -0.720999, -0.367477, -0.587482, -0.686974, 0.267951, 0.675487, -0.0908102, 0.890596, -0.445637, -2.32102, -3.70696, -83.1492 )
bone_name = "mixamorig_RightUpLeg"

[node name="col_rightupleg" type="RigidBody" parent="Armature/Skeleton/col_rightupleg" index="0"]
transform = Transform( 1, 0, -2.03727e-10, 1.13505e-09, -3.91155e-08, -1, -4.65661e-10, 1, -3.91155e-08, -0.322514, 18.9046, 0.380244 )
collision_layer = 16
collision_mask = 8
mode = 3
mass = 0.00102041
contacts_reported = 2
contact_monitor = true

[node name="CollisionShape" type="CollisionShape" parent="Armature/Skeleton/col_rightupleg/col_rightupleg" index="0"]
transform = Transform( 1, -1.45519e-11, -2.79397e-09, -1.86265e-09, -3.72529e-08, 1, 8.51287e-09, -1, -4.37722e-08, 0, 0, 0 )
shape = SubResource( 4 )

[node name="col_leftupleg" type="BoneAttachment" parent="Armature/Skeleton" index="6"]
transform = Transform( -0.889685, -0.0693216, -0.451275, -0.43707, 0.415068, 0.797925, 0.131996, 0.907146, -0.399578, 11.2264, 7.19923, -82.2432 )
bone_name = "mixamorig_LeftUpLeg"

[node name="col_leftupleg" type="RigidBody" parent="Armature/Skeleton/col_leftupleg" index="0"]
transform = Transform( 1, 0, -2.03727e-10, 1.13505e-09, -3.91155e-08, -1, -4.65661e-10, 1, -3.91155e-08, -0.322514, 18.9046, 0.380244 )
collision_layer = 16
collision_mask = 8
mode = 3
mass = 0.00102041
contacts_reported = 2
contact_monitor = true

[node name="CollisionShape" type="CollisionShape" parent="Armature/Skeleton/col_leftupleg/col_leftupleg" index="0"]
transform = Transform( 1, -1.45519e-11, -2.79397e-09, -1.86265e-09, -3.72529e-08, 1, 8.51287e-09, -1, -4.37722e-08, 0, 0, 0 )
shape = SubResource( 4 )

[node name="col_leftleg" type="BoneAttachment" parent="Armature/Skeleton" index="7"]
transform = Transform( -0.920007, 0.188075, -0.343814, -0.381392, -0.227974, 0.895859, 0.0901079, 0.955329, 0.281471, 8.44355, 23.8618, -45.8266 )
bone_name = "mixamorig_LeftLeg"

[node name="col_leftleg" type="RigidBody" parent="Armature/Skeleton/col_leftleg" index="0"]
transform = Transform( 1, -4.65661e-10, -1.35333e-09, 4.51109e-10, -3.72529e-08, -1, 0, 1, -4.47035e-08, -0.376014, 19.873, 0.59803 )
collision_layer = 16
collision_mask = 8
mode = 3
mass = 0.00102041
contacts_reported = 2
contact_monitor = true

[node name="CollisionShape" type="CollisionShape" parent="Armature/Skeleton/col_leftleg/col_leftleg" index="0"]
transform = Transform( 1, -1.45519e-11, -2.79397e-09, -1.86265e-09, -3.72529e-08, 1, 8.51287e-09, -1, -4.37722e-08, 0, 0, 0 )
shape = SubResource( 4 )

[node name="col_rightleg" type="BoneAttachment" parent="Armature/Skeleton" index="8"]
transform = Transform( -0.727619, 0.0536847, -0.683888, -0.682083, -0.162934, 0.712901, -0.0731572, 0.985177, 0.155164, -17.0735, 7.05, -47.396 )
bone_name = "mixamorig_RightLeg"

[node name="col_rightleg" type="RigidBody" parent="Armature/Skeleton/col_rightleg" index="0"]
transform = Transform( 1, -1.39698e-09, -1.18744e-08, 4.36557e-09, -7.45058e-08, -1, 2.32831e-09, 1, -5.96046e-08, 0.376049, 19.8734, 0.582335 )
collision_layer = 16
collision_mask = 8
mode = 3
mass = 0.00102041
contacts_reported = 2
contact_monitor = true

[node name="CollisionShape" type="CollisionShape" parent="Armature/Skeleton/col_rightleg/col_rightleg" index="0"]
transform = Transform( 1, -1.45519e-11, -2.79397e-09, -1.86265e-09, -3.72529e-08, 1, 8.51287e-09, -1, -4.37722e-08, 0, 0, 0 )
shape = SubResource( 4 )

[node name="col_leftarm" type="BoneAttachment" parent="Armature/Skeleton" index="9"]
transform = Transform( 0.585835, -0.0279225, -0.809949, -0.419612, 0.844564, -0.332621, 0.693342, 0.534726, 0.483059, 21.0893, 17.0501, -134.409 )
bone_name = "mixamorig_LeftArm"

[node name="col_leftarm" type="RigidBody" parent="Armature/Skeleton/col_leftarm" index="0"]
transform = Transform( 0.994521, 0.104528, -4.56908e-09, 0, -4.37114e-08, -1, -0.104528, 0.994522, -4.34719e-08, 1.23978e-05, 11.8566, -1.52588e-05 )
collision_layer = 16
collision_mask = 8
mode = 3
mass = 0.00102041
contacts_reported = 2
contact_monitor = true

[node name="CollisionShape" type="CollisionShape" parent="Armature/Skeleton/col_leftarm/col_leftarm" index="0"]
transform = Transform( 1, -1.45448e-11, -2.79397e-09, -1.86265e-09, -3.72529e-08, 1, 8.51287e-09, -1, -4.37722e-08, 9.53674e-07, 0, 4.11435 )
shape = SubResource( 5 )

[node name="col_leftforearm" type="BoneAttachment" parent="Armature/Skeleton" index="10"]
transform = Transform( 0.109534, -0.72828, -0.676469, 0.836219, 0.435428, -0.333377, 0.537345, -0.52916, 0.656696, 20.442, 36.6273, -122.014 )
bone_name = "mixamorig_LeftForeArm"

[node name="col_leftforearm" type="RigidBody" parent="Armature/Skeleton/col_leftforearm" index="0"]
transform = Transform( 0.994522, 0.104528, -4.56908e-09, 0, -4.37114e-08, -1, -0.104528, 0.994522, -4.34719e-08, 2.38419e-05, 22.2327, -0.000137329 )
collision_layer = 16
collision_mask = 8
mode = 3
mass = 0.00102041
contacts_reported = 2
contact_monitor = true

[node name="CollisionShape" type="CollisionShape" parent="Armature/Skeleton/col_leftforearm/col_leftforearm" index="0"]
transform = Transform( 1, -1.45448e-11, -2.79397e-09, -1.86265e-09, -3.72529e-08, 1, 8.51287e-09, -1, -4.37722e-08, 9.53674e-07, 0, 4.11435 )
shape = SubResource( 5 )

[node name="col_rightarm" type="BoneAttachment" parent="Armature/Skeleton" index="11"]
transform = Transform( 0.562552, -0.0397737, 0.825805, 0.268542, 0.953474, -0.137012, -0.781934, 0.29884, 0.547059, -13.2462, -4.53408, -138.978 )
bone_name = "mixamorig_RightArm"

[node name="col_rightarm" type="RigidBody" parent="Armature/Skeleton/col_rightarm" index="0"]
transform = Transform( 0.994521, -0.104528, 4.56908e-09, 0, -4.37114e-08, -1, 0.104528, 0.994522, -4.34719e-08, 1.23978e-05, 11.8566, -1.52588e-05 )
collision_layer = 16
collision_mask = 8
mode = 3
mass = 0.00102041
contacts_reported = 2
contact_monitor = true

[node name="CollisionShape" type="CollisionShape" parent="Armature/Skeleton/col_rightarm/col_rightarm" index="0"]
transform = Transform( 1, -1.45448e-11, -2.79397e-09, -1.86265e-09, -3.72529e-08, 1, 8.51287e-09, -1, -4.37722e-08, 9.53674e-07, 0, 4.11435 )
shape = SubResource( 5 )

[node name="col_rightforearm" type="BoneAttachment" parent="Armature/Skeleton" index="12"]
transform = Transform( 0.559911, 0.279512, 0.779982, -0.314635, 0.942591, -0.111922, -0.766488, -0.182743, 0.615711, -14.1682, 17.5678, -132.051 )
bone_name = "mixamorig_RightForeArm"

[node name="col_rightforearm" type="RigidBody" parent="Armature/Skeleton/col_rightforearm" index="0"]
transform = Transform( 0.994522, -0.104528, 4.56908e-09, 0, -4.37114e-08, -1, 0.104528, 0.994522, -4.34719e-08, 0, 22.233, 0 )
collision_layer = 16
collision_mask = 8
mode = 3
mass = 0.00102041
contacts_reported = 2
contact_monitor = true

[node name="CollisionShape" type="CollisionShape" parent="Armature/Skeleton/col_rightforearm/col_rightforearm" index="0"]
transform = Transform( 1, -1.45448e-11, -2.79397e-09, -1.86265e-09, -3.72529e-08, 1, 8.51287e-09, -1, -4.37722e-08, 9.53674e-07, 0, 4.11435 )
shape = SubResource( 5 )

[node name="AnimationPlayer" parent="." index="1"]
autoplay = "pistol_idle-loop"

[node name="BulletDamageCalculator" type="Node" parent="." index="2"]
script = ExtResource( 3 )

[node name="AnimationTree" type="AnimationTree" parent="." index="3"]
tree_root = ExtResource( 5 )
anim_player = NodePath("../AnimationPlayer")
active = true
parameters/TimeScale/scale = 1.3
parameters/movement_dir/blend_position = Vector2( 0.0242424, -0.112069 )
script = ExtResource( 4 )

[connection signal="body_entered" from="Armature/Skeleton/col_head/col_head" to="BulletDamageCalculator" method="_on_col_head_body_entered"]
[connection signal="body_entered" from="Armature/Skeleton/col_spine2/col_spine2" to="BulletDamageCalculator" method="_on_col_spine2_body_entered"]
[connection signal="body_entered" from="Armature/Skeleton/col_spine/col_spine" to="BulletDamageCalculator" method="_on_col_spine_body_entered"]
[connection signal="body_entered" from="Armature/Skeleton/col_rightupleg/col_rightupleg" to="BulletDamageCalculator" method="_on_col_rightupleg_body_entered"]
[connection signal="body_entered" from="Armature/Skeleton/col_leftupleg/col_leftupleg" to="BulletDamageCalculator" method="_on_col_leftupleg_body_entered"]
[connection signal="body_entered" from="Armature/Skeleton/col_leftleg/col_leftleg" to="BulletDamageCalculator" method="_on_col_leftleg_body_entered"]
[connection signal="body_entered" from="Armature/Skeleton/col_rightleg/col_rightleg" to="BulletDamageCalculator" method="_on_col_rightleg_body_entered"]
[connection signal="body_entered" from="Armature/Skeleton/col_leftarm/col_leftarm" to="BulletDamageCalculator" method="_on_col_leftarm_body_entered"]
[connection signal="body_entered" from="Armature/Skeleton/col_leftforearm/col_leftforearm" to="BulletDamageCalculator" method="_on_col_leftforearm_body_entered"]
[connection signal="body_entered" from="Armature/Skeleton/col_rightarm/col_rightarm" to="BulletDamageCalculator" method="_on_col_rightarm_body_entered"]
[connection signal="body_entered" from="Armature/Skeleton/col_rightforearm/col_rightforearm" to="BulletDamageCalculator" method="_on_col_rightforearm_body_entered"]
