[gd_scene load_steps=20 format=2]

[ext_resource path="res://assets/entities/weapons/m1911/m1911.tscn" type="PackedScene" id=1]
[ext_resource path="res://assets/entities/NPC/models/security_01/security_model.glb" type="PackedScene" id=2]
[ext_resource path="res://assets/entities/NPC/models/animation/human_animator.tres" type="AnimationNodeBlendTree" id=3]

[sub_resource type="CapsuleShape" id=1]
radius = 15.0

[sub_resource type="CapsuleShape" id=2]
radius = 14.0
height = 5.0

[sub_resource type="CapsuleShape" id=3]
radius = 2.0
height = 2.0

[sub_resource type="CapsuleShape" id=4]
radius = 8.0
height = 10.0

[sub_resource type="CapsuleShape" id=5]
radius = 5.0
height = 18.5442

[sub_resource type="CapsuleShape" id=6]
radius = 4.0
height = 20.2167

[sub_resource type="CapsuleShape" id=7]
radius = 3.0
height = 3.79539

[sub_resource type="CapsuleShape" id=8]
radius = 5.0
height = 18.5443

[sub_resource type="CapsuleShape" id=9]
radius = 4.0
height = 20.217

[sub_resource type="CapsuleShape" id=10]
radius = 3.0
height = 3.72867

[sub_resource type="CapsuleShape" id=11]
radius = 8.0
height = 32.1153

[sub_resource type="CapsuleShape" id=12]
radius = 7.0
height = 29.4101

[sub_resource type="CapsuleShape" id=13]
radius = 4.0
height = 13.5131

[sub_resource type="CapsuleShape" id=14]
radius = 8.0
height = 32.1162

[sub_resource type="CapsuleShape" id=15]
radius = 7.0
height = 29.407

[sub_resource type="CapsuleShape" id=16]
radius = 4.0
height = 13.9554

[node name="security_model" instance=ExtResource( 2 )]

[node name="Armature" parent="." index="0"]
transform = Transform( 0.013, 0, 0, 0, -5.68248e-10, -0.013, 0, 0.013, -5.68248e-10, 0, 0, 0 )

[node name="BoneAttachment" type="BoneAttachment" parent="Armature/Skeleton" index="1"]
transform = Transform( -0.00828829, -0.0911786, 0.9958, 0.0318629, 0.995305, 0.0913993, -0.999457, 0.0324872, -0.00534412, -6.25105, 38.6671, -138.564 )
bone_name = "mixamorig_RightHand"

[node name="m1911" parent="Armature/Skeleton/BoneAttachment" index="0" instance=ExtResource( 1 )]
transform = Transform( 4.3385, 99.9001, -1.07137, 8.60479, -1.44204, -99.6187, -99.5347, 4.22976, -8.65875, 7.84123, 8.40973, 2.82264 )

[node name="Hips" type="PhysicalBone" parent="Armature/Skeleton" index="2"]
transform = Transform( -0.308982, 0.0746687, -0.948132, 0.933021, 0.217096, -0.286959, 0.184409, -0.973291, -0.136746, 0.0440396, 2.12529, -95.0464 )
collision_layer = 16
collision_mask = 25
joint_type = 1
joint_offset = Transform( 1, 0, 0, 0, 1, 0, 0, 0, 1, -0.580438, -5.53714, -0.00806648 )
body_offset = Transform( 0.590352, 0.112442, -0.799276, -0.101127, 0.992751, 0.0649672, 0.800789, 0.0424751, 0.597441, 0.958822, 5.43883, 0.704818 )
mass = 10.0
weight = 98.0
bounce = 0.25
bone_name = "mixamorig_Hips"
joint_constraints/bias = 0.3
joint_constraints/damping = 1.0
joint_constraints/impulse_clamp = 0.0

[node name="CollisionShape" type="CollisionShape" parent="Armature/Skeleton/Hips" index="0"]
transform = Transform( 1, 0, -1.11759e-08, 3.72529e-09, 3.72529e-09, 1, 2.98023e-08, -1, 0, 0, 0, 0 )
shape = SubResource( 1 )

[node name="Spine2" type="PhysicalBone" parent="Armature/Skeleton" index="3"]
transform = Transform( 0.512793, -0.169291, 0.841656, -0.836713, 0.120971, 0.534114, -0.192236, -0.978113, -0.0796154, 1.69322, 2.60059, -131.541 )
collision_layer = 16
collision_mask = 25
joint_type = 3
joint_offset = Transform( 1, 0, 0, 0, 1, 0, 0, 0, 1, -0.227959, -4.1913, -0.377485 )
body_offset = Transform( -0.0152163, -0.110186, 0.993795, 0.0998724, 0.988771, 0.111159, -0.994884, 0.100944, -0.00404155, -0.0901482, 4.20896, 0.194768 )
mass = 10.0
weight = 98.0
bounce = 0.25
bone_name = "mixamorig_Spine2"
joint_constraints/angular_limit_enabled = true
joint_constraints/angular_limit_upper = 45.0
joint_constraints/angular_limit_lower = -45.0
joint_constraints/angular_limit_bias = 0.3
joint_constraints/angular_limit_softness = 0.9
joint_constraints/angular_limit_relaxation = 1.0

[node name="CollisionShape" type="CollisionShape" parent="Armature/Skeleton/Spine2" index="0"]
transform = Transform( 1, 2.98023e-08, 1.11759e-08, 1.11759e-08, -7.45058e-09, 1, 1.49012e-07, -1, 1.11759e-08, -2.38419e-07, -1.37731, 0 )
shape = SubResource( 2 )

[node name="Neck" type="PhysicalBone" parent="Armature/Skeleton" index="4"]
transform = Transform( 0.917049, -0.282815, -0.281133, 0.396325, 0.724417, 0.564045, 0.0441376, -0.628675, 0.776413, 0.098306, 6.90121, -146.654 )
collision_layer = 16
collision_mask = 25
joint_type = 2
joint_offset = Transform( 1, 0, 0, 0, 1, 0, 0, 0, 1, 0.22192, -4.80102, 0.204096 )
body_offset = Transform( 0.999876, 0.00139502, 0.0156922, 0.00612301, 0.883352, -0.468666, -0.0145146, 0.468704, 0.883235, -0.218398, 4.33528, 2.07321 )
mass = 10.0
weight = 98.0
bounce = 0.25
bone_name = "mixamorig_Neck"
joint_constraints/swing_span = 35.0
joint_constraints/twist_span = 180.0
joint_constraints/bias = 0.3
joint_constraints/softness = 0.8
joint_constraints/relaxation = 1.0

[node name="CollisionShape" type="CollisionShape" parent="Armature/Skeleton/Neck" index="0"]
transform = Transform( 1, 0, 0, 0, 0, 1, 0, -1, 0, 0, 0, 0 )
shape = SubResource( 3 )

[node name="Head" type="PhysicalBone" parent="Armature/Skeleton" index="5"]
transform = Transform( 0.965084, -0.254585, 0.0616096, 0.143265, 0.709948, 0.689521, -0.219282, -0.656621, 0.721633, -3.65989, 17.2667, -156.534 )
collision_layer = 16
collision_mask = 25
joint_type = 2
joint_offset = Transform( 1, 0, 0, 0, 1, 0, 0, 0, 1, 0.197755, -12.1916, 0.110402 )
body_offset = Transform( 0.999968, -0.0034999, 0.00694072, 0.00612612, 0.904409, -0.426613, -0.00478302, 0.426643, 0.904402, -0.241184, 11.0721, 5.10257 )
mass = 10.0
weight = 98.0
bounce = 0.25
bone_name = "mixamorig_Head"
joint_constraints/swing_span = 30.0
joint_constraints/twist_span = 180.0
joint_constraints/bias = 0.3
joint_constraints/softness = 0.8
joint_constraints/relaxation = 1.0

[node name="CollisionShape" type="CollisionShape" parent="Armature/Skeleton/Head" index="0"]
transform = Transform( 1, 4.67315e-11, -1.08228e-10, 1.16883e-10, -0.5, 0.866025, -3.45238e-13, -0.866025, -0.5, 0, -2.17654, -0.681229 )
shape = SubResource( 4 )

[node name="LeftArm" type="PhysicalBone" parent="Armature/Skeleton" index="6"]
transform = Transform( -0.822103, -0.0313585, 0.568651, -0.284518, -0.842237, -0.457819, 0.493333, -0.537993, 0.683578, 19.7994, 20.5577, -128.982 )
collision_layer = 16
collision_mask = 25
joint_type = 3
joint_offset = Transform( 1, 0, 0, 0, 1, 0, 0, 0, 1, -0.240009, 11.3, -0.184545 )
body_offset = Transform( 0.0134324, -0.0015887, 1.00003, 0.0262523, -0.999545, -0.00194162, 0.999656, 0.0262713, -0.0133869, 0.205727, 11.3008, -0.0594101 )
mass = 10.0
weight = 98.0
bounce = 0.25
bone_name = "mixamorig_LeftArm"
joint_constraints/angular_limit_enabled = true
joint_constraints/angular_limit_upper = 50.0
joint_constraints/angular_limit_lower = -50.0
joint_constraints/angular_limit_bias = 0.3
joint_constraints/angular_limit_softness = 0.9
joint_constraints/angular_limit_relaxation = 1.0

[node name="CollisionShape" type="CollisionShape" parent="Armature/Skeleton/LeftArm" index="0"]
transform = Transform( 1, 0, 0, 0, 0, 1, 0, -1, 0, 0, 0, 0 )
shape = SubResource( 5 )

[node name="LeftForeArm" type="PhysicalBone" parent="Armature/Skeleton" index="7"]
transform = Transform( 0.130211, -0.699906, -0.702265, 0.768681, 0.518634, -0.374367, 0.626238, -0.491071, 0.605537, 11.817, 36.3159, -128.749 )
collision_layer = 16
collision_mask = 25
joint_type = 3
joint_offset = Transform( 1, 0, 0, 0, 1, 0, 0, 0, 1, 0.476868, -11.5648, 0.334602 )
body_offset = Transform( 0.999505, 0.0178148, 0.0259225, -0.0175791, 0.999804, -0.00921644, -0.0260826, 0.00875509, 0.999622, -0.279282, 11.574, -0.220787 )
mass = 10.0
weight = 98.0
bounce = 0.25
bone_name = "mixamorig_LeftForeArm"
joint_constraints/angular_limit_enabled = true
joint_constraints/angular_limit_upper = 0.0
joint_constraints/angular_limit_lower = -150.0
joint_constraints/angular_limit_bias = 0.3
joint_constraints/angular_limit_softness = 0.9
joint_constraints/angular_limit_relaxation = 1.0

[node name="CollisionShape" type="CollisionShape" parent="Armature/Skeleton/LeftForeArm" index="0"]
transform = Transform( 1, 0, 0, 0, 0, 1, 0, -1, 0, 0, 0, 0 )
shape = SubResource( 6 )

[node name="LeftHand" type="PhysicalBone" parent="Armature/Skeleton" index="8"]
transform = Transform( -0.180414, -0.407121, -0.895379, -0.171292, 0.909408, -0.378987, 0.968558, 0.0849984, -0.233807, 2.03798, 45.6876, -135.991 )
collision_layer = 16
collision_mask = 25
joint_type = 2
joint_offset = Transform( 1, 0, 0, 0, 1, 0, 0, 0, 1, 0.94546, -2.07157, 0.61484 )
body_offset = Transform( 0.999732, -0.0214953, 0.00825565, 0.0214311, 0.999737, 0.00799406, -0.00842538, -0.00781453, 0.999934, -0.994812, 2.04585, -0.623022 )
mass = 10.0
weight = 98.0
bounce = 0.25
bone_name = "mixamorig_LeftHand"
joint_constraints/swing_span = 30.0
joint_constraints/twist_span = 180.0
joint_constraints/bias = 0.3
joint_constraints/softness = 0.8
joint_constraints/relaxation = 1.0

[node name="CollisionShape" type="CollisionShape" parent="Armature/Skeleton/LeftHand" index="0"]
transform = Transform( 0.999999, -1.49012e-08, -4.47035e-08, 7.45058e-09, -5.3551e-09, 0.999999, 0, -0.999999, -3.25963e-09, 0.166955, 1.7093, 1.68008 )
shape = SubResource( 7 )

[node name="RightArm" type="PhysicalBone" parent="Armature/Skeleton" index="9"]
transform = Transform( 0.728436, 0.0365716, -0.684138, -0.166987, 0.977937, -0.125524, 0.664452, 0.205678, 0.718471, -16.1851, 4.28146, -137.03 )
collision_layer = 16
collision_mask = 25
joint_type = 3
joint_offset = Transform( 1, 0, 0, 0, 1, 0, 0, 0, 1, -0.225804, -11.827, -0.604386 )
body_offset = Transform( -0.00358035, 0.0272336, -0.999623, -0.00519831, 0.999615, 0.0272521, 0.99998, 0.00529374, -0.00343738, -0.282875, 11.8377, 0.286331 )
mass = 10.0
weight = 98.0
bounce = 0.25
bone_name = "mixamorig_RightArm"
joint_constraints/angular_limit_enabled = true
joint_constraints/angular_limit_upper = 50.0
joint_constraints/angular_limit_lower = -50.0
joint_constraints/angular_limit_bias = 0.3
joint_constraints/angular_limit_softness = 0.9
joint_constraints/angular_limit_relaxation = 1.0

[node name="CollisionShape" type="CollisionShape" parent="Armature/Skeleton/RightArm" index="0"]
transform = Transform( 1, 0, 0, 0, 0, 1, 0, -1, 0, 0, 0, 0 )
shape = SubResource( 8 )

[node name="RightForeArm" type="PhysicalBone" parent="Armature/Skeleton" index="10"]
transform = Transform( 0.609868, 0.396826, 0.685995, -0.357107, 0.910352, -0.20913, -0.707484, -0.117432, 0.696904, -11.1559, 26.3093, -135.944 )
collision_layer = 16
collision_mask = 25
joint_type = 3
joint_offset = Transform( 1, 0, 0, 0, 1, 0, 0, 0, 1, 0.172051, -11.9643, -0.353392 )
body_offset = Transform( 0.999999, -0.000975013, 0.000843666, 0.000976652, 0.999997, -0.00248234, -0.000841595, 0.00248209, 0.999997, -0.183418, 11.9632, 0.383232 )
mass = 10.0
weight = 98.0
bounce = 0.25
bone_name = "mixamorig_RightForeArm"
joint_constraints/angular_limit_enabled = true
joint_constraints/angular_limit_upper = 150.0
joint_constraints/angular_limit_lower = 0.0
joint_constraints/angular_limit_bias = 0.3
joint_constraints/angular_limit_softness = 0.9
joint_constraints/angular_limit_relaxation = 1.0

[node name="CollisionShape" type="CollisionShape" parent="Armature/Skeleton/RightForeArm" index="0"]
transform = Transform( 1, 0, 0, 0, 0, 1, 0, -1, 0, 0, 0, 0 )
shape = SubResource( 9 )

[node name="RightHand" type="PhysicalBone" parent="Armature/Skeleton" index="11"]
transform = Transform( 0.0122137, -0.0275775, 0.999551, -0.0174623, 0.999468, 0.02779, -0.999776, -0.0177931, 0.0117259, -6.24244, 41.5205, -138.187 )
collision_layer = 16
collision_mask = 25
joint_type = 2
joint_offset = Transform( 1, 0, 0, 0, 1, 0, 0, 0, 1, -0.195228, -3.08887, 0.118853 )
body_offset = Transform( 0.994775, 0.0885591, -0.0508673, -0.0919158, 0.993452, -0.067956, 0.0445153, 0.0722764, 0.996397, 0.473801, 3.05877, 0.113518 )
mass = 10.0
weight = 98.0
bounce = 0.25
bone_name = "mixamorig_RightHand"
joint_constraints/swing_span = 30.0
joint_constraints/twist_span = 180.0
joint_constraints/bias = 0.3
joint_constraints/softness = 0.8
joint_constraints/relaxation = 1.0

[node name="CollisionShape" type="CollisionShape" parent="Armature/Skeleton/RightHand" index="0"]
transform = Transform( 1, 3.72529e-09, 2.23517e-08, -2.23517e-08, 0, 1, 3.72529e-09, -1, -2.32831e-10, 0.147789, 1.39928, -0.0173035 )
shape = SubResource( 10 )

[node name="LeftUpLeg" type="PhysicalBone" parent="Armature/Skeleton" index="12"]
transform = Transform( -0.80685, -0.137066, -0.574625, -0.565038, 0.462891, 0.682976, 0.172377, 0.875751, -0.450932, 3.32464, 14.3026, -65.9335 )
collision_layer = 16
collision_mask = 25
joint_type = 3
joint_offset = Transform( 1, 0, 0, 0, 1, 0, 0, 0, 1, 0.0620486, -18.7659, 1.21651 )
body_offset = Transform( 0.999989, 0.00103056, -0.00429833, -0.00103021, 0.999997, 0.000273585, 0.00429678, -0.000268519, 0.999988, -0.0374794, 18.7656, -1.2218 )
mass = 10.0
weight = 98.0
bounce = 0.25
bone_name = "mixamorig_LeftUpLeg"
joint_constraints/angular_limit_enabled = false
joint_constraints/angular_limit_upper = 90.0
joint_constraints/angular_limit_lower = -90.0
joint_constraints/angular_limit_bias = 0.3
joint_constraints/angular_limit_softness = 0.9
joint_constraints/angular_limit_relaxation = 1.0

[node name="CollisionShape" type="CollisionShape" parent="Armature/Skeleton/LeftUpLeg" index="0"]
transform = Transform( 1, 0, 0, 0, 0, 1, 0, -1, 0, 0, 0, 0 )
shape = SubResource( 11 )

[node name="LeftLeg" type="PhysicalBone" parent="Armature/Skeleton" index="13"]
transform = Transform( -0.436305, -0.145221, -0.888005, 0.896699, -0.152099, -0.4157, -0.0746936, -0.977643, 0.19658, 2.03637, 27.178, -29.9482 )
collision_layer = 16
collision_mask = 25
joint_type = 3
joint_offset = Transform( 1, 0, 0, 0, 1, 0, 0, 0, 1, 0.431448, 18.0855, -0.507452 )
body_offset = Transform( -0.00604922, 0.060069, 0.998181, -0.0746863, -0.995438, 0.0594509, 0.997196, -0.0741911, 0.0105067, -0.577238, 18.0654, 0.916874 )
mass = 10.0
weight = 98.0
bounce = 0.25
bone_name = "mixamorig_LeftLeg"
joint_constraints/angular_limit_enabled = true
joint_constraints/angular_limit_upper = 0.0
joint_constraints/angular_limit_lower = -90.0
joint_constraints/angular_limit_bias = 0.3
joint_constraints/angular_limit_softness = 0.9
joint_constraints/angular_limit_relaxation = 1.0

[node name="CollisionShape" type="CollisionShape" parent="Armature/Skeleton/LeftLeg" index="0"]
transform = Transform( 1, 0, 0, 0, 0, 1, 0, -1, 0, 0, 0, 0 )
shape = SubResource( 12 )

[node name="LeftFoot" type="PhysicalBone" parent="Armature/Skeleton" index="14"]
transform = Transform( 0.22849, -0.210224, -0.950574, -0.543187, 0.782763, -0.303678, 0.807915, 0.585731, 0.0646628, 1.36438, 36.3676, -5.45879 )
collision_layer = 16
collision_mask = 25
joint_type = 3
joint_offset = Transform( 1, 0, 0, 0, 1, 0, 0, 0, 1, 0.866763, -11.2161, -0.340294 )
body_offset = Transform( -7.18236e-05, -0.000648975, 1, -0.000190437, 0.999997, 0.000648603, -0.999995, -0.000188768, -7.18981e-05, 0.333077, 11.2165, 0.864616 )
mass = 10.0
weight = 98.0
bounce = 0.25
bone_name = "mixamorig_LeftFoot"
joint_constraints/angular_limit_enabled = true
joint_constraints/angular_limit_upper = 20.0
joint_constraints/angular_limit_lower = -70.0
joint_constraints/angular_limit_bias = 0.3
joint_constraints/angular_limit_softness = 0.9
joint_constraints/angular_limit_relaxation = 1.0

[node name="CollisionShape" type="CollisionShape" parent="Armature/Skeleton/LeftFoot" index="0"]
transform = Transform( 1, 0, 0, 0, 0, 1, 0, -1, 0, 0, 0, 0 )
shape = SubResource( 13 )

[node name="RightUpLeg" type="PhysicalBone" parent="Armature/Skeleton" index="15"]
transform = Transform( -0.33915, -0.283561, -0.896987, -0.909021, -0.146735, 0.390079, -0.242228, 0.947659, -0.207998, -9.18182, -10.1963, -66.8201 )
collision_layer = 16
collision_mask = 25
joint_type = 3
joint_offset = Transform( 1, 0, 0, 0, 1, 0, 0, 0, 1, 0.534985, -18.569, 1.19126 )
body_offset = Transform( 0.999993, 0.00341767, 0.000981033, -0.00341599, 0.999991, -0.00178655, -0.000986874, 0.00178373, 0.999998, -0.472687, 18.5728, -1.15761 )
mass = 10.0
weight = 98.0
bounce = 0.25
bone_name = "mixamorig_RightUpLeg"
joint_constraints/angular_limit_enabled = false
joint_constraints/angular_limit_upper = 90.0
joint_constraints/angular_limit_lower = -90.0
joint_constraints/angular_limit_bias = 0.3
joint_constraints/angular_limit_softness = 0.9
joint_constraints/angular_limit_relaxation = 1.0

[node name="CollisionShape" type="CollisionShape" parent="Armature/Skeleton/RightUpLeg" index="0"]
transform = Transform( 1, 0, 0, 0, 0, 1, 0, -1, 0, 0, 0, 0 )
shape = SubResource( 14 )

[node name="RightLeg" type="PhysicalBone" parent="Armature/Skeleton" index="16"]
transform = Transform( 0.880536, 0.0265757, -0.473261, -0.456852, -0.21857, -0.862281, -0.126351, 0.975462, -0.180313, -16.231, -17.956, -29.2422 )
collision_layer = 16
collision_mask = 25
joint_type = 3
joint_offset = Transform( 1, 0, 0, 0, 1, 0, 0, 0, 1, -0.109941, -18.0578, -0.778939 )
body_offset = Transform( -0.00176838, -0.0236901, 0.999716, 0.0620738, 0.997791, 0.0237554, -0.998077, 0.0620971, -0.000294119, 0.350733, 18.0432, 1.01138 )
mass = 10.0
weight = 98.0
bounce = 0.25
bone_name = "mixamorig_RightLeg"
joint_constraints/angular_limit_enabled = true
joint_constraints/angular_limit_upper = 0.0
joint_constraints/angular_limit_lower = -90.0
joint_constraints/angular_limit_bias = 0.3
joint_constraints/angular_limit_softness = 0.9
joint_constraints/angular_limit_relaxation = 1.0

[node name="CollisionShape" type="CollisionShape" parent="Armature/Skeleton/RightLeg" index="0"]
transform = Transform( 1, 0, 0, 0, 0, 1, 0, -1, 0, 0, 0, 0 )
shape = SubResource( 15 )

[node name="RightFoot" type="PhysicalBone" parent="Armature/Skeleton" index="17"]
transform = Transform( -0.528775, -0.797863, 0.289531, 0.219292, 0.201112, 0.954708, -0.81996, 0.56831, 0.0686221, -23.0826, -20.3948, -5.15575 )
collision_layer = 16
collision_mask = 25
joint_type = 3
joint_offset = Transform( 1, 0, 0, 0, 1, 0, 0, 0, 1, -0.369102, -11.4275, -0.340645 )
body_offset = Transform( -0.00269856, 0.00124601, -0.999989, 0.0036316, 0.999993, 0.00123811, 1, -0.00363395, -0.00270344, -0.327398, 11.4292, 0.326654 )
mass = 10.0
weight = 98.0
bounce = 0.25
bone_name = "mixamorig_RightFoot"
joint_constraints/angular_limit_enabled = true
joint_constraints/angular_limit_upper = 20.0
joint_constraints/angular_limit_lower = -70.0
joint_constraints/angular_limit_bias = 0.3
joint_constraints/angular_limit_softness = 0.9
joint_constraints/angular_limit_relaxation = 1.0

[node name="CollisionShape" type="CollisionShape" parent="Armature/Skeleton/RightFoot" index="0"]
transform = Transform( 1, 0, 0, 0, 0, 1, 0, -1, 0, 0, 0, 0 )
shape = SubResource( 16 )

[node name="AnimationPlayer" parent="." index="1"]
autoplay = "pistol_run_forward-loop"
reset_on_save = false

[node name="AnimationTree" type="AnimationTree" parent="." index="2"]
tree_root = ExtResource( 3 )
anim_player = NodePath("../AnimationPlayer")
active = true
parameters/Pistol_Idle-Run_B/blend_amount = 0.0
